11
41
61
31
40
47
26
99
56
80
73
27
67
29
99
48
69
29
4
13
98
29
45
49
23
90
69
39
58
16
49
26
79
25
18
9
67
4
85
21
64
15
95
33
35
55
82
24
16
100
52
84
44
31
12
23
7
15
18
51
43
26
70
62
19
9
19
53
93
58
41
86
79
29
57
47
74
97
95
34
78
30
60
45
41
58
73
21
2
15
5
96
27
2
71
42
47
97
59
43
99
18
35
30
99
26
17
57
29
35
88
34
83
66
4
30
31
42
79
4
64
10
96
84
2
11
80
45
39
30
12
1
64
43
91
28
98
17
60
80
68
90
76
50
41
83
78
99
14
50
17
62
37
17
37
44
39
14
22
89
75
7
23
66
30
81
13
86
33
46
97
58
41
26
59
41
46
65
39
53
28
28
17
9
33
59
42
73
98
38
81
33
91
20
10
21
88
65
70
68
93
44
26
61
40
81
46
99
12
44
21
56
74
47
17
100
95
64
94
91
72
69
12
56
37
72
13
56
7
36
29
41
88
43
80
81
44
38
15
34
9
86
30
81
11
50
59
65
64
1
58
24
44
64
58
44
16
59
36
29
78
94
76
45
73
61
35
34
12
29
81
18
71
19
73
35
88
34
3
13
25
75
10
23
68
49
15
34
21
71
26
25
25
43
78
28
46
99
53
78
63
45
28
21
72
78
48
27
9
83
43
98
36
89
2
19
18
1
57
5
99
27
87
76
28
69
67
49
57
7
37
36
100
72
71
44
35
55
1
5
7
4
24
40
97
7
51
46
13
36
71
37
61
42
85
99
35
61
64
85
65
59
38
29
4
10
97
50
5
2
68
26
85
3
97
15
81
24
49
5
67
13
47
60
47
17
50
21
99
46
18
15
74
33
48
44
67
46
77
50
55
44
76
67
1
34
66
80
67
73
71
50
99
44
67
24
49
15
64
58
53
29
100
55
31
37
60
23
37
82
83
92
25
46
36
66
42
70
95
70
72
85
5
64
33
16
22
82
15
40
26
67
55
52
38
84
71
90
26
28
69
26
87
34
7
40
71
30
57
56
81
67
27
40
81
72
98
49
66
20
52
39
15
76
19
25
80
25
2
71
7
17
82
56
87
76
21
100
25
66
70
39
66
21
42
72
95
18
93
85
27
28
70
45
49
6
27
100
17
98
84
46
22
5
85
6
18
59
47
4
29
80
2
48
64
98
30
65
81
48
34
8
33
17
6
98
44
72
14
34
85
51
8
36
96
41
63
26
65
49
18
20
67
27
60
49
74
33
37
18
28
62
27
35
85
96
98
37
100
61
83
36
82
79
9
74
57
74
2
11
56
37
24
92
56
59
38
94
9
41
50
10
69
72
82
38
23
56
22
11
85
29
61
25
95
37
95
64
62
8
30
90
43
7
11
11
27
55
37
85
77
96
9
55
6
14
18
75
88
35
80
95
89
34
98
85
24
3
82
93
76
9
21
87
55
36
8
73
56
3
11
95
3
74
70
74
95
99
46
39
100
93
95
85
28
45
92
84
70
80
3
1
54
75
14
3
36
97
49
33
20
91
66
65
49
54
87
60
36
16
21
38
41
70
1
51
63
51
24
68
47
83
3
72
60
46
54
37
63
83
3
81
83
95
97
17
39
13
80
46
96
27
58
19
97
15
20
94
41
87
8
11
53
37
35
43
17
2
85
12
53
26
25
4
42
28
66
38
47
54
5
64
86
44
91
37
57
53
58
77
54
47
36
78
11
77
67
68
44
13
44
46
95
74
3
63
12
85
18
37
64
31
12
87
74
45
41
46
38
18
18
82
69
35
8
58
27
35
99
71
75
99
48
73
42
99
15
76
50
11
50
43
69
8
87
74
6
1
97
43
77
87
26
7
100
18
45
74
73
18
44
74
67
82
80
38
96
37
71
3
55
75
46
1
38
60
68
86
35
57
18
96
95
34
24
86
18
97
52
80
65
11
26
4
19
48
18
54
5
45
41
81
10
14
23
18
85
82
73
22
17
56
93
39
50
89
25
91
75
28
94
6
78
51
92
47
71
84
20
43
38
36
97
53
22
72
92
79
73
48
23
28
55
71
10
29
34
46
35
38
89
82
25
26
45
43
83
74
14
25
39
35
88
44
22
1
10
53
41
65
74
98
68
52
41
16
64
25
4
83
23
21
80
96
35
21
69
60
60
4
21
47
73
63
31
71
95
28
50
79
99
79
27
29
27
94
14
83
64
23
37
76
63
100
6
2
85
16
10
65